Cap 71
set 1)
generation = 250
population = 100
clonation = 3 
mutation_rate = 0.5
tau_b = 20

Results: [937364.3999999999, 934829.4499999998, 938370.0249999999, 934829.4499999998, 934622.575, 937364.3999999999, 938932.95, 935444.8999999999, 934199.1375, 934829.4499999998, 937899.1999999998, 939177.5125, 935444.8999999999, 937268.8875, 933568.8999999999, 937623.7499999999, 936946.0499999999, 934829.4499999998, 933568.8999999999, 935445.2749999999]
Mean: 936127.9781249999
Best: 933568.8999999999
Worst: 939177.5125
Std: 1774.4629764941965

set 2)
generation = 200
population = 50 # d
clonation = 5 # dup
mutation_rate = 0.5
tau_b = 10

Results: [935883.1249999999, 937692.325, 938679.4, 937854.5499999999, 938624.95, 935152.2874999999, 935444.8999999999, 937799.4, 938222.0374999999, 938679.4, 935444.8999999999, 935444.8999999999, 937268.8875, 939790.7124999999, 937899.1999999998, 933876.2999999999, 938514.6499999999, 934829.4499999998, 937692.325, 935444.8999999999]
Mean: 937011.9299999999
Best: 933876.2999999999
Worst: 939790.7124999999
Std: 1652.213356590923

set 3)
generation = 300
population = 100# d
clonation = 2 # dup
mutation_rate = 0.7
tau_b = 25

Results: [934829.4499999998, 937364.3999999999, 935685.5, 933876.2999999999, 936538.8499999999, 933568.8999999999, 934622.575, 934829.4499999998, 933876.2999999999, 935152.2874999999, 933568.8999999999, 934622.575, 932615.75, 933568.8999999999, 934829.4499999998, 933876.2999999999, 933568.8999999999, 933568.8999999999, 937364.3999999999, 933876.2999999999]
Mean: 934590.2193749999
Best: 932615.75
Worst: 937364.3999999999
Std: 1298.4076199613005



Cap 101
Results: [808322.1500000001, 809915.6750000002, 805093.3750000002, 810509.3500000001, 804044.7250000001, 805853.4250000002, 806254.1500000001, 808722.8750000001, 808258.5000000001, 807050.3875000002, 810021.3125000001, 807811.3375000001, 809795.7375000002, 802722.9375000001, 807069.6500000001, 806582.0125000001, 809550.8500000001, 800753.8125000001, 806663.6625000001, 806779.1125]
Mean: 807088.7518750001
Best: 800753.8125000001
Worst: 810509.3500000001
Std: 2543.9389099201726
